timeStamp,elapsed,label,responseCode,responseMessage,threadName,dataType,success,failureMessage,bytes,sentBytes,grpThreads,allThreads,URL,Latency,IdleTime,Connect
1718637007500,2071,HTTP Request,200,OK,Create Purchase Order 1-1,text,true,,676,279,1,1,http://localhost:4000/createPO,2070,0,1
1718637009571,2071,HTTP Request,200,OK,Create Purchase Order 1-1,text,true,,676,279,1,1,http://localhost:4000/createPO,2071,0,0
1718637011642,2070,HTTP Request,200,OK,Create Purchase Order 1-1,text,true,,676,279,1,1,http://localhost:4000/createPO,2070,0,0
1718637013712,2070,HTTP Request,200,OK,Create Purchase Order 1-1,text,true,,676,279,1,1,http://localhost:4000/createPO,2070,0,0
1718637015782,2032,HTTP Request,200,OK,Create Purchase Order 1-1,text,true,,676,279,1,1,http://localhost:4000/createPO,2032,0,0
1718637027500,2069,HTTP Request,200,OK,Create Purchase Order 1-2,text,true,,676,279,1,1,http://localhost:4000/createPO,2069,0,1
1718637029570,2069,HTTP Request,200,OK,Create Purchase Order 1-2,text,true,,676,279,1,1,http://localhost:4000/createPO,2069,0,0
1718637031640,2074,HTTP Request,200,OK,Create Purchase Order 1-2,text,true,,676,279,1,1,http://localhost:4000/createPO,2074,0,0
1718637033714,2080,HTTP Request,200,OK,Create Purchase Order 1-2,text,true,,676,279,1,1,http://localhost:4000/createPO,2080,0,0
1718637035794,2038,HTTP Request,200,OK,Create Purchase Order 1-2,text,true,,676,279,1,1,http://localhost:4000/createPO,2038,0,0
1718637047500,2090,HTTP Request,200,OK,Create Purchase Order 1-3,text,true,,676,279,1,1,http://localhost:4000/createPO,2090,0,0
1718637049590,2074,HTTP Request,200,OK,Create Purchase Order 1-3,text,true,,676,279,1,1,http://localhost:4000/createPO,2074,0,0
1718637051664,2070,HTTP Request,200,OK,Create Purchase Order 1-3,text,true,,676,279,1,1,http://localhost:4000/createPO,2070,0,0
1718637053734,2067,HTTP Request,200,OK,Create Purchase Order 1-3,text,true,,676,279,1,1,http://localhost:4000/createPO,2067,0,0
1718637055801,2036,HTTP Request,200,OK,Create Purchase Order 1-3,text,true,,676,279,1,1,http://localhost:4000/createPO,2036,0,0
1718637067500,2085,HTTP Request,200,OK,Create Purchase Order 1-4,text,true,,676,279,1,1,http://localhost:4000/createPO,2085,0,0
1718637069585,2097,HTTP Request,200,OK,Create Purchase Order 1-4,text,true,,676,279,1,1,http://localhost:4000/createPO,2097,0,0
1718637071682,2078,HTTP Request,200,OK,Create Purchase Order 1-4,text,true,,676,279,1,1,http://localhost:4000/createPO,2078,0,0
1718637073761,2069,HTTP Request,200,OK,Create Purchase Order 1-4,text,true,,676,279,1,1,http://localhost:4000/createPO,2069,0,0
1718637075830,2034,HTTP Request,200,OK,Create Purchase Order 1-4,text,true,,676,279,1,1,http://localhost:4000/createPO,2034,0,0
1718637087501,2068,HTTP Request,200,OK,Create Purchase Order 1-5,text,true,,676,279,1,1,http://localhost:4000/createPO,2068,0,0
1718637089569,2071,HTTP Request,200,OK,Create Purchase Order 1-5,text,true,,676,279,1,1,http://localhost:4000/createPO,2071,0,0
1718637091640,2068,HTTP Request,200,OK,Create Purchase Order 1-5,text,true,,676,279,1,1,http://localhost:4000/createPO,2068,0,0
1718637093708,2068,HTTP Request,200,OK,Create Purchase Order 1-5,text,true,,676,279,1,1,http://localhost:4000/createPO,2068,0,0
1718637095776,2035,HTTP Request,200,OK,Create Purchase Order 1-5,text,true,,676,279,1,1,http://localhost:4000/createPO,2035,0,0
